2.0
16 18
17 31
23 33
28 42
38 57
45 59
55 59
55 59
54 59
56 59
58 57
-1 -1
-1 57
-1 55
-1 56
-1 59
-1 59
-1 59
-1 55
-1 59
-1 59
-1 59
-1 58
-1 56
-1 56
-1 54
-1 -1
-1 -1
33 48
30 46
27 43
30 42
33 41
34 39
30 43
32 46
34 49
38 51
48 45
43 55
55 48
45 -1
-1 50
49 42
43 43
47 41
43 40
44 45
36 38
36 41
41 45
35 38
35 46
45 51
32 42
37 -1
-1 55
49 56
59 54
59 52
57 42
59 48
59 45
59 53
59 58
59 59
-1 -1
-1 46
59 48
59 48
59 54
59 53
59 49
59 43
59 41
48 27
36 32